abuse:
  f1: 0.5893984307182615
  f1_macro: 0.5893984307182615
  f1_micro: 0.7508301213061688
  per_label:
    identity_hate:
      f1: 0.43443839683325086
      precision: 0.7126623376623377
      recall: 0.3124555160142349
      roc_auc: 0.9820855339921033
    insult:
      f1: 0.7055651262077747
      precision: 0.8604311289733284
      recall: 0.597943379459185
      roc_auc: 0.9862612616906408
    obscene:
      f1: 0.808464897547867
      precision: 0.9348974518334369
      recall: 0.7121552846490709
      roc_auc: 0.9939290529297162
    severe_toxic:
      f1: 0.37902159541648306
      precision: 0.6379821958456974
      recall: 0.26959247648902823
      roc_auc: 0.9896660942743892
    threat:
      f1: 0.4036979969183359
      precision: 0.7660818713450293
      recall: 0.27405857740585776
      roc_auc: 0.9958898609526224
    toxic:
      f1: 0.8052025713858574
      precision: 0.9398010818356308
      recall: 0.7043284948345756
      roc_auc: 0.9877962685311126
  precision_macro: 0.80864267791591
  precision_micro: 0.9060121612370636
  recall_macro: 0.478422288141992
  recall_micro: 0.6410336771326002
  roc_auc_macro: 0.9892713453950974
  roc_auc_micro: 0.9909659203726181
  threshold: 0.5
crisis:
  accuracy: 0.9613776939418817
  confusion_matrix:
    fn: 5470
    fp: 693
    tn: 143584
    tp: 9824
  f1: 0.7612258339467669
  precision: 0.9341066844157079
  recall: 0.6423434026415588
  roc_auc: 0.9802584500513913
  threshold: 0.5
